NMB_isProduced = [
    "Th232"  ; "Pa231"  ; "Pa233"  ; "U232"   ; "U233"   ; "U234"   ; "U235"   ; "U236"   ; "U237"   ; "U238"   ; "Np237"  ; "Np238"  ; "Np239"  ; "Pu238"  ; "Pu239"
    "Pu240"  ; "Pu241"  ; "Pu242"  ; "Am241"  ; "Am242m" ; "Am243"  ; "Cm242"  ; "Cm243"  ; "Cm244"  ; "Cm245"  ; "Cm246"  ; "H3"     ; "Se78"   ; "Se79"   ; "Se80"
    "Se82"   ; "Br81"   ; "Kr83"   ; "Kr84"   ; "Kr85"   ; "Kr86"   ; "Rb85"   ; "Rb87"   ; "Sr86"   ; "Sr88"   ; "Sr89"   ; "Sr90"   ; "Y89"    ; "Y90"    ; "Y91"
    "Zr90"   ; "Zr91"   ; "Zr92"   ; "Zr93"   ; "Zr94"   ; "Zr95"   ; "Zr96"   ; "Nb93m"  ; "Nb94"   ; "Nb95"   ; "Mo94"   ; "Mo95"   ; "Mo96"   ; "Mo97"   ; "Mo98"
    "Mo99"   ; "Mo100"  ; "Tc99"   ; "Ru100"  ; "Ru101"  ; "Ru102"  ; "Ru103"  ; "Ru104"  ; "Ru106"  ; "Rh102"  ; "Rh103"  ; "Rh105"  ; "Pd104"  ; "Pd105"  ; "Pd106"
    "Pd107"  ; "Pd108"  ; "Pd110"  ; "Ag109"  ; "Ag110m" ; "Cd109"  ; "Cd110"  ; "Cd111"  ; "Cd112"  ; "Cd113"  ; "Cd113m" ; "Cd114"  ; "Cd116"  ; "In115"  ; "Sn116"
    "Sn117"  ; "Sn118"  ; "Sn119"  ; "Sn119m" ; "Sn120"  ; "Sn121m" ; "Sn122"  ; "Sn124"  ; "Sn126"  ; "Sb121"  ; "Sb123"  ; "Sb125"  ; "Sb126"  ; "Te125"  ; "Te125m"
    "Te126"  ; "Te127m" ; "Te128"  ; "Te130"  ; "Te132"  ; "I127"   ; "I129"   ; "I131"   ; "Xe128"  ; "Xe130"  ; "Xe131"  ; "Xe132"  ; "Xe133"  ; "Xe134"  ; "Xe135"
    "Xe136"  ; "Cs133"  ; "Cs134"  ; "Cs135"  ; "Cs137"  ; "Ba133"  ; "Ba134"  ; "Ba136"  ; "Ba137"  ; "Ba138"  ; "Ba140"  ; "La139"  ; "Ce140"  ; "Ce141"  ; "Ce142"
    "Ce144"  ; "Pr141"  ; "Pr143"  ; "Nd142"  ; "Nd143"  ; "Nd144"  ; "Nd145"  ; "Nd146"  ; "Nd147"  ; "Nd148"  ; "Nd150"  ; "Pm146"  ; "Pm147"  ; "Pm148"  ; "Pm148m"
    "Sm147"  ; "Sm148"  ; "Sm149"  ; "Sm150"  ; "Sm151"  ; "Sm152"  ; "Sm154"  ; "Eu150"  ; "Eu151"  ; "Eu152"  ; "Eu153"  ; "Eu154"  ; "Eu155"  ; "Eu156"  ; "Gd154"
    "Gd155"  ; "Gd156"  ; "Gd157"  ; "Gd158"  ; "Gd160"  ; "Tb158"  ; "Tb159"  ; "Tb160"  ; "Dy160"  ; "Dy161"  ; "Dy162"  ; "Ho166m" ; "Tm171"
];
