% Neutronic yields from fission as tabulated in the ORIGEN

Element_names = ["Th232","Pa231","Pa233","U232","U233","U234","U235","U236","U237", ...
                 "U238","Np237","Np238","Np239","Pu238","Pu239","Pu240","Pu241","Pu242", ...
                 "Am241","Am242m","Am243","Cm242","Cm243","Cm244","Cm245","Cm246"];

nu_thermal = [2.418; 2.663; 2.663; 2.418; 2.499; 2.631; 2.421; 2.734; 2.807; ...
    2.807; 3.005; 3.005; 3.005; 2.833; 2.875; 3.135; 2.934; 3.28; 3.277; 3.162; ...
    3.732; 3.746; 3.434; 3.725; 3.832; 3.858];

nu_fast = [2.396; 2.631; 2.631; 2.396; 2.52; 2.555; 2.468; 2.614; 2.776; 2.776; ...
    2.935; 2.935; 2.935; 3.009; 2.946; 3.024; 2.978; 3.075; 3.402; 3.311; 3.653; ...
    3.868; 3.496; 3.743; 3.898; 3.87];